947.774292
195.267868
198.928604
178.366150
0.000004
0.000003
0.000000
184.440003
0.000000
0.000000
0.000000
-832.000000
-384.000000
64.000000
-832.000000
704.000000
64.000000
192.000000
-384.000000
64.000000
192.000000
704.000000
64.000000
-832.000000
-384.000000
64.000000
-832.000000
704.000000
64.000000
192.000000
-384.000000
64.000000
192.000000
704.000000
64.000000
-832.000000
-384.000000
64.000000
-832.000000
704.000000
64.000000
192.000000
-384.000000
64.000000
192.000000
704.000000
64.000000
-832.000000
-384.000000
64.000000
-832.000000
704.000000
64.000000
192.000000
-384.000000
64.000000
192.000000
704.000000
64.000000
2336.000000
-704.000000
416.000000
2336.000000
-320.000000
416.000000
2400.000000
-704.000000
416.000000
2400.000000
-320.000000
416.000000
2336.000000
-704.000000
416.000000
2336.000000
-320.000000
416.000000
2400.000000
-704.000000
416.000000
2400.000000
-320.000000
416.000000
2336.000000
-704.000000
416.000000
2336.000000
-320.000000
416.000000
2400.000000
-704.000000
416.000000
2400.000000
-320.000000
416.000000
2336.000000
-704.000000
416.000000
2336.000000
-320.000000
416.000000
2400.000000
-704.000000
416.000000
2400.000000
-320.000000
416.000000
2100.628551
1593.102806
954.781317
937.244372
1472.727841
2201.120667
1354.760046
811.939676
797.026508
1252.394827
